020101003801202506
020101012701202506
020101012709202506
020101013501202506
020101013509202506
020101014301202506
020101014307202506
020101014309202506
020101016001202506
020101016009202506
020101020801202506
020101020809202506
020101024001202506
020101024007202506
020101024009202506
020101025901202506
020101026701202506
020101026707202506
020101026709202506
020101027503202506
020101027507202506
020101027509202506
020101030501202506
020101030507202506
020101030509202506
020101031301202506
020101031307202506
020101031309202506
020101032101202506
020101032107202506
020101032109202506
020101033001202506
020101033007202506
020101033009202506
020101040201202506
020101040207202506
020101040209202506
020101053401202506
020101053409202506
020101055001202506
020101055009202506
020904003301202506
020904003307202506
020904003309202506
020904005001202506
020904005007202506
020904005009202506
021105009101202506
021105010503202506
021105010507202506
021105010509202506
021105014801202506
030106001003202506
030106001007202506
030106007001202506
030106007003202506
030106007007202506
030106007009202506
030106008803202506
030109001703202506
030109001709202506
030109001713202506
030109002503202506
030109002509202506
030109002513202506
030116002303202506
030116002307202506
030301001003202506
030301001007202506
030301002903202506
030301002907202506
030301003703202506
030301003707202506
030301004503202506
030301004507202506
030301005303202506
030301005307202506
030301006103202506
030301006107202506
030301007003202506
030301007007202506
030301008803202506
030301008807202506
030301009603202506
030301009607202506
030301010003202506
030301010007202506
030301011803202506
030301011807202506
030301012603202506
030301012607202506
030301013403202506
030301013407202506
030301014203202506
030301014207202506
030301015003202506
030301015007202506
030301016903202506
030301016907202506
030301017703202506
030301017707202506
030301018503202506
030301018507202506
030301019303202506
030301019307202506
030301020703202506
030301020707202506
030301021503202506
030301021506202506
030301021507202506
030302003203202506
030302003207202506
030302004003202506
030302004007202506
030302005903202506
030302005907202506
030302006703202506
030302006707202506
030302007503202506
030302007507202506
030302008303202506
030302008307202506
030303001107202506
030303001111202506
030303002003202506
030303002007202506
030303003803202506
030303003807202506
030303004603202506
030303004607202506
030303005403202506
030303005407202506
030303006203202506
030303006207202506
030304001703202506
030304001707202506
030304002503202506
030304002507202506
030304003303202506
030304003307202506
030304004103202506
030304004107202506
030304005003202506
030304005007202506
030304006803202506
030304006807202506
030304007603202506
030304007607202506
030304008401202506
030304008403202506
030304008407202506
030304009201202506
030304009203202506
030304009207202506
030304010603202506
030304010607202506
030304011401202506
030304011403202506
030304011407202506
030304012201202506
030304012203202506
030304012207202506
030304013003202506
030304013007202506
030304014903202506
030304014907202506
030304015703202506
030304015707202506
030304016503202506
030304016507202506
030304017303202506
030304017307202506
030304018103202506
030304019003202506
030304019007202506
030304020303202506
030304020307202506
030304021103202506
030304021107202506
030304022003202506
030304022007202506
030304023803202506
030304023807202506
030304024603202506
030304024607202506
030304025403202506
030304025407202506
030304026203202506
030304026207202506
030304027003202506
030304027007202506
030304028903202506
030304029703202506
030304029707202506
030304030003202506
030305013603202506
030305013607202506
030305014403202506
030305014407202506
030306001803202506
030306001807202506
030306002603202506
030306002607202506
030306003403202506
030306003407202506
030306004203202506
030306004207202506
030306005003202506
030306005007202506
030306006903202506
030306006907202506
030306007703202506
030306007707202506
030306008503202506
030306008507202506
030306009303202506
030306009307202506
030306010703202506
030306010707202506
030306011503202506
030306011507202506
030306012303202506
030306012307202506
030306013103202506
030306013107202506
030306014003202506
030306014007202506
030306015803202506
030306015807202506
030306016603202506
030306016607202506
030306017403202506
030306017407202506
030306018203202506
030306018207202506
030306019003202506
030306019007202506
030306020403202506
030306020407202506
030306021203202506
030306021207202506
030306022001202506
030306022003202506
030306022007202506
030306023903202506
030306023907202506
030306024703202506
030306024707202506
030306025503202506
030306025507202506
030306026303202506
030306026307202506
030306027103202506
030306027107202506
030306028003202506
030306028007202506
030306029803202506
030306029807202506
030306030103202506
030306030107202506
030307006403202506
030307006407202506
030307007203202506
030307007207202506
030307008003202506
030307008007202506
030307009903202506
030307009907202506
030307010203202506
030307010207202506
030307011003202506
030307011007202506
030307012903202506
030307012907202506
030307013701202506
030308004303202506
030308004307202506
030308005103202506
030308005107202506
030308006003202506
030308006007202506
030308007803202506
030308007807202506
030308008603202506
030308008607202506
030308009403202506
030308009407202506
030309013803202506
030309013807202506
030309013809202506
030309019703202506
030309019707202506
030309019709202506
030309023503202506
030309023507202506
030309023509202506
030309031603202506
030309031607202506
030310001002202506
030310001003202506
030310001007202506
030310002802202506
030310002803202506
030310002807202506
030310003602202506
030310003603202506
030310003607202506
030310004402202506
030310004403202506
030310004407202506
030310005202202506
030310005203202506
030310005207202506
030311001503202506
030311001507202506
030311002303202506
030311002307202506
030311003103202506
030311003107202506
030311004003202506
030311004007202506
030311005803202506
030311005807202506
030311006603202506
030311006607202506
030311007403202506
030311007407202506
030311008203202506
030311008207202506
030311009003202506
030311009007202506
030311010403202506
030311010407202506
030311011203202506
030311011207202506
030313001604202506
030313002404202506
030313003204202506
030313004004202506
030313005904202506
030313006704202506
030313007504202506
030313008304202506
030314002003202506
030314002007202506
030314003803202506
030314003807202506
030314004603202506
030314004607202506
030314005403202506
030314005407202506
030314006203202506
030314006207202506
030314007003202506
030314007007202506
030314008903202506
030314008907202506
030314009703202506
030314009707202506
030314010003202506
030314010007202506
030314011903202506
030314011907202506
030314012703202506
030314012707202506
030314013503202506
030314013507202506
030314014303202506
030314014307202506
030314015103202506
030314015107202506
030315001703202506
030315001707202506
030315002503202506
030315002507202506
030315003303202506
030315003307202506
030315004103202506
030315004107202506
030315005003202506
030315005007202506
030315006803202506
030315006807202506
030316001207202506
030316002007202506
030316003907202506
030316004707202506
030316005507202506
030316006307202506
030316007107202506
030317009305202506
030317009307202506
030317010707202506
030317010714202506
030317013102202506
030317013103202506
030317013105202506
030317013107202506
030317013187202506
030317014002202506
030317014003202506
030317014005202506
030317014007202506
030317014087202506
030317015802202506
030317015803202506
030317015805202506
030317015807202506
030317015887202506
030317016602202506
030317016603202506
030317016605202506
030317016607202506
030317016687202506
030317017402202506
030317017403202506
030317017405202506
030317017407202506
030317017487202506
030317018202202506
030317018203202506
030317018205202506
030317018207202506
030317018287202506
030317019005202506
030317019007202506
030317020405202506
030317020407202506
030318001303202506
030318001307202506
030318003003202506
030318003007202506
030318004803202506
030318004807202506
030318005603202506
030318005607202506
030318006403202506
030318006407202506
030318007207202506
030318007210202506
030319001903202506
030319001907202506
030319001908202506
030401011103202506
030401011107202506
030401035903202506
030401035907202506
030401049903202506
030401049907202506
030401059603202506
030401059607202506
030408002003202506
030408002007202506
030408003903202506
030408003907202506
030408003909202506
030408004703202506
030408006303202506
030409001803202506
030409001807202506
030409002603202506
030409002607202506
030409003403202506
030409003407202506
030409004203202506
030409004207202506
030410001303202506
030410001307202506
030410001309202506
030410002103202506
030410002107202506
030501017403202506
030501017407202506
030502001303202506
030502001307202506
030502002103202506
030502002107202506
030502003003202506
030502003007202506
030502004803202506
030502004807202506
030502005603202506
030502005607202506
030701005801202506
030701005803202506
030701005807202506
030701005809202506
030702003701202506
030702003703202506
030702003707202506
030702003709202506
030702004501202506
030702004503202506
030702004507202506
030702004509202506
030702005301202506
030702005303202506
030702005307202506
030702005309202506
030702006101202506
030702006103202506
030702006107202506
030702006109202506
030702008801202506
030702008803202506
030702008807202506
030702008809202506
030702009601202506
030702009603202506
030702009607202506
030702009609202506
030702010001202506
030702010003202506
030702010007202506
030702010009202506
030702011801202506
030702011803202506
030702011807202506
030702011809202506
030703003201202506
030703003203202506
030703003207202506
030703003209202506
030704001101202506
030704001103202506
030704001107202506
030704001109202506
030704006201202506
030704006203202506
030704006207202506
030704006209202506
030704008901202506
030704008903202506
030704008907202506
030704008909202506
030801001901202506
030801001903202506
030801001907202506
030801002703202506
030801002707202506
030801003501202506
030801003503202506
030801003507202506
030801004301202506
030801004303202506
030801004307202506
030802002203202506
030802002207202506
030802003003202506
030802003007202506
030803001003202506
030803001007202506
030803002803202506
030803002807202506
030803003601202506
030803003603202506
030803003607202506
030803003683202506
030804001501202506
030804001503202506
030804001507202506
030804002303202506
030804002307202506
030901003901202506
030901003903202506
030901003907202506
031001003901202506
031001003902202506
031001003903202506
031001004701202506
031001004702202506
031001004703202506
031001005502202506
040102001001202506
040102001007202506
040102001009202506
040102002901202506
040102002907202506
040102002909202506
040102003701202506
040102003707202506
040102003709202506
040102004501202506
040102004507202506
040102004509202506
040102005301202506
040102005307202506
040102005309202506
040102006101202506
040102006107202506
040102006109202506
040102007001202506
040102007007202506
040102007009202506
040102008801202506
040102008807202506
040102008809202506
040102009601202506
040102009607202506
040102009609202506
040102010001202506
040102010007202506
040102010009202506
040102011801202506
040102011807202506
040102011809202506
040102012601202506
040102012607202506
040102012609202506
040102013401202506
040102013409202506
040102014201202506
040102014207202506
040102014209202506
040102015001202506
040102015007202506
040102015009202506
040102016901202506
040102016907202506
040102016909202506
040201001901202506
040201001907202506
040201002701202506
040201002707202506
040201003501202506
040201003507202506
040201003509202506
040201004301202506
040201004307202506
040201004309202506
040201005101202506
040201005107202506
040202001401202506
040202001407202506
040202002201202506
040202002207202506
040301001201202506
040301001207202506
040301002001202506
040301002007202506
040301003901202506
040301003907202506
040301004701202506
040301004707202506
040301005501202506
040301005507202506
040301006301202506
040301006307202506
040301007101202506
040301007107202506
040301008001202506
040301008007202506
040301008009202506
040301009801202506
040301009807202506
040301010101202506
040301010107202506
040301011001202506
040301011007202506
040301012801202506
040301012807202506
040301013601202506
040301013607202506
040301014401202506
040301014407202506
040301015201202506
040301015207202506
040301016001202506
040301016007202506
040301017901202506
040301017907202506
040301018701202506
040301018707202506
040301019501202506
040301019507202506
040301020901202506
040301020907202506
040301021701202506
040301021707202506
040301022501202506
040301022507202506
040301023301202506
040301023307202506
040301024101202506
040301024107202506
040301025001202506
040301025007202506
040301026801202506
040301026807202506
040301027601202506
040301027607202506
040301028401202506
040301028407202506
040301029201202506
040301029207202506
040301030601202506
040301030607202506
040301031401202506
040301031407202506
040301032201202506
040301032207202506
040301033001202506
040301033007202506
040301034901202506
040301034907202506
040301035701202506
040301035707202506
040301036501202506
040301036507202506
040301039001202506
040301039003202506
040301039007202506
040302001801202506
040302001807202506
040302002601202506
040302002607202506
040302003401202506
040302003407202506
040302004201202506
040302004207202506
040302005001202506
040302005007202506
040302006901202506
040302006907202506
040302007701202506
040302007707202506
040302007709202506
040302008501202506
040302008507202506
040302008509202506
040302009301202506
040302009307202506
040302009309202506
040302010701202506
040302010707202506
040302011501202506
040302011507202506
040302012301202506
040302012307202506
040302012309202506
040302013101202506
040302013107202506
040303001301202506
040303001307202506
040303002101202506
040303002107202506
040303003001202506
040303003007202506
040303004801202506
040303004807202506
040303005601202506
040303005607202506
040303006401202506
040303006407202506
040303008001202506
040303008007202506
040303009901202506
040303009907202506
040303010201202506
040303010207202506
040303011001202506
040303011007202506
040303012901202506
040303012907202506
040303013701202506
040303013707202506
040303014501202506
040303014507202506
040303015301202506
040303015307202506
040303016101202506
040303016107202506
040304001901202506
040304001907202506
040304002701202506
040304002707202506
040304005101202506
040304005107202506
040304006001202506
040304006007202506
040304007801202506
040304007807202506
040304008601202506
040304008607202506
040304009401202506
040304009407202506
040304010801202506
040304010807202506
040304011601202506
040304011607202506
040304012401202506
040304012407202506
040305003001202506
040305003003202506
040305003007202506
040305004901202506
040305004907202506
040305005701202506
040305006501202506
040305006507202506
040305007301202506
040305007307202506
040305009001202506
040305009007202506
040305009009202506
040305010301202506
040305010307202506
040305010309202506
040305011101202506
040305011107202506
040305012001202506
040305012007202506
040305013801202506
040305013807202506
040305014601202506
040305014607202506
040305015401202506
040305015407202506
040305016201202506
040306001001202506
040306001007202506
040306002801202506
040306002807202506
040306003601202506
040306003607202506
040306004401202506
040306004407202506
040306005201202506
040306005207202506
040306006001202506
040306006007202506
040306007901202506
040306007907202506
040306008701202506
040306008707202506
040306009501202506
040306009507202506
040307001501202506
040307004001202506
040307004007202506
040307005801202506
040307005807202506
040307008201202506
040307009001202506
040307010401202506
040307011201202506
040307012001202506
040307013901202506
040307013907202506
040307014701202506
040307014707202506
040307015501202506
040307015507202506
040307016301202506
040307016307202506
040307017101202506
040308001001202506
040308002901202506
040308003701202506
040308004501202506
040308005301202506
040308005307202506
040308006101202506
040308007001202506
040308007007202506
040308008801202506
040308008807202506
040308009601202506
040308009607202506
040308010001202506
040401001601202506
040401001605202506
040401001609202506
040401002401202506
040401002407202506
040401002409202506
040401003201202506
040401003207202506
040401003209202506
040401004001202506
040401004007202506
040401004009202506
040401005901202506
040401005907202506
040401005909202506
040401006701202506
040401006707202506
040401006709202506
040401008301202506
040401008307202506
040401008309202506
040401010501202506
040401010507202506
040401010509202506
040401011301202506
040401011307202506
040401011309202506
040401012101202506
040401012107202506
040401012109202506
040401013001202506
040401013007202506
040401013009202506
040401014801202506
040401014807202506
040401014809202506
040401016401202506
040401016407202506
040401016409202506
040401017201202506
040401017207202506
040401018001202506
040401018007202506
040401019901202506
040401019907202506
040401020201202506
040401020207202506
040401021001202506
040401021007202506
040401021009202506
040401022901202506
040401022907202506
040401022909202506
040401023701202506
040401023707202506
040401023709202506
040401028801202506
040401028807202506
040401028809202506
040401031801202506
040401031807202506
040401031809202506
040401032601202506
040401032607202506
040401032609202506
040401033401202506
040401033407202506
040401033409202506
040401035001202506
040401035007202506
040401035009202506
040401037701202506
040401037707202506
040401037709202506
040401038501202506
040401038507202506
040401038509202506
040401040701202506
040401040707202506
040401040709202506
040401041501202506
040401041507202506
040401041509202506
040401043101202506
040401043107202506
040401045801202506
040401045807202506
040401046601202506
040401046607202506
040401046609202506
040401047401202506
040401047407202506
040401047409202506
040401048201202506
040401048207202506
040401048209202506
040401049001202506
040401049007202506
040401049009202506
040401050401202506
040401050407202506
040401050409202506
040401051201202506
040401051207202506
040401051209202506
040401052001202506
040401052007202506
040401052009202506
040401053901202506
040401053907202506
040401053909202506
040401054701202506
040401054707202506
040401055501202506
040401055507202506
040401055509202506
040401056301202506
040401056309202506
040401057101202506
040401057107202506
040401058001202506
040401058007202506
040401059801202506
040401059807202506
040401060101202506
040401060107202506
040401061001202506
040401061007202506
040401062801202506
040401062807202506
040401063601202506
040401063607202506
040401064401202506
040401064407202506
040401065201202506
040401065207202506
040402001101202506
040402001107202506
040402001109202506
040402003801202506
040402003807202506
040402003809202506
040402004601202506
040402004607202506
040402004609202506
040402006201202506
040402006207202506
040402007001202506
040402007007202506
040402007009202506
040402008901202506
040402008907202506
040402008909202506
040402010001202506
040402010003202506
040402010007202506
040402010009202506
040402011901202506
040402011907202506
040402011909202506
040402013501202506
040402013507202506
040402014301202506
040402014307202506
040402014309202506
040402017801202506
040402017807202506
040402020801202506
040402020807202506
040402020809202506
040402022401202506
040402022407202506
040402023201202506
040402023207202506
040402023209202506
040402024001202506
040402024007202506
040402024009202506
040402027501202506
040402027507202506
040402029101202506
040402029107202506
040402031301202506
040402031307202506
040402031309202506
040402032101202506
040402032107202506
040402032109202506
040402034801202506
040402034807202506
040402034809202506
040402035601202506
040402035607202506
040402035609202506
040402038001202506
040402038007202506
040402039901202506
040402039907202506
040402039909202506
040402042901202506
040402042907202506
040402042909202506
040402045301202506
040402045307202506
040402045309202506
040402046101202506
040402046107202506
040402046109202506
040402047001202506
040402047007202506
040402047009202506
040402048801202506
040402048807202506
040402048809202506
040402049601202506
040402049607202506
040402050001202506
040402050007202506
040402051801202506
040402051807202506
040402051809202506
040402052601202506
040402052607202506
040402053401202506
040402053407202506
040402054201202506
040402054207202506
040402054209202506
040402055001202506
040402055007202506
040402056901202506
040402056907202506
040402056909202506
040402057701202506
040402057707202506
040402057709202506
040402058501202506
040402058507202506
040402059301202506
040402059307202506
040402060701202506
040402060707202506
040402064001202506
040402064007202506
040402064009202506
040402065801202506
040402065807202506
040402065809202506
040402066601202506
040402066607202506
040402066609202506
040402069001202506
040402069007202506
040402070401202506
040402070407202506
040402071201202506
040402071207202506
040402071209202506
040402072001202506
040402072007202506
040402073901202506
040402073907202506
040402077101202506
040402077107202506
040402077109202506
040402078001202506
040402078007202506
040402079801202506
040402079807202506
040402079809202506
040403001701202506
040403001707202506
040403001709202506
040403003301202506
040403003307202506
040403004101202506
040403004107202506
040403004109202506
040403005001202506
040403005007202506
040403005009202506
040403006801202506
040403006807202506
040403006809202506
040403007601202506
040403007607202506
040403007609202506
040403008401202506
040403008407202506
040403008409202506
040403010601202506
040403010607202506
040403010609202506
040403012201202506
040403012207202506
040403012209202506
040403013001202506
040403013007202506
040403013009202506
040403015701202506
040403015707202506
040403015709202506
040403016501202506
040403016507202506
040403016509202506
040403017301202506
040403017307202506
040403017309202506
040403019001202506
040403019007202506
040403019009202506
040403022001202506
040403022007202506
040403022009202506
040403024601202506
040403024607202506
040403024609202506
040403025401202506
040403025407202506
040403025409202506
040403026201202506
040403026207202506
040403026209202506
040403027001202506
040403027007202506
040403027009202506
040403028901202506
040403028907202506
040403029701202506
040403029707202506
040403030001202506
040403030007202506
040403031901202506
040403031907202506
040403031909202506
040403032701202506
040403032707202506
040501001001202506
040501001007202506
040501001009202506
040501002801202506
040501002807202506
040501002809202506
040501003601202506
040501003607202506
040501003609202506
040501007901202506
040501007907202506
040501007909202506
040501008701202506
040501008707202506
040501008709202506
040501011701202506
040501011707202506
040501011709202506
040501012501202506
040501012507202506
040501012509202506
040501013301202506
040501013307202506
040501013309202506
040501015001202506
040501015007202506
040501015009202506
040501017601202506
040501017607202506
040501017609202506
040502001501202506
040502001507202506
040502001509202506
040502002301202506
040502002307202506
040502002309202506
040503001001202506
040503001007202506
040503001009202506
040503002901202506
040503002907202506
040503002909202506
040503007001202506
040503007007202506
040503007009202506
040503009601202506
040503009607202506
040503009609202506
040503011801202506
040503011807202506
040503011809202506
040503013401202506
040503013407202506
040503013409202506
040503014201202506
040503014207202506
040503014209202506
040503016901202506
040503016907202506
040503016909202506
040503017701202506
040503017707202506
040503017709202506
040503018501202506
040503018507202506
040503019301202506
040503019307202506
040503020701202506
040503020707202506
040503020709202506
040504001601202506
040504001607202506
040504001609202506
040504002401202506
040504002407202506
040504002409202506
040504004001202506
040504004007202506
040504004009202506
040504005901202506
040504005907202506
040504005909202506
040504006701202506
040504006707202506
040504006709202506
040504007501202506
040504007507202506
040504007509202506
040504008301202506
040504008307202506
040504008309202506
040504009101202506
040504009107202506
040504009109202506
040504010501202506
040504010507202506
040504010509202506
040504014801202506
040504014807202506
040504014809202506
040504015601202506
040504015607202506
040504015609202506
040504016401202506
040504016407202506
040504016409202506
040504018001202506
040504018007202506
040504020201202506
040504020207202506
040504020209202506
040504021001202506
040504021007202506
040504021009202506
040505001101202506
040505001107202506
040505001109202506
040505004601202506
040505004607202506
040505004609202506
040505005401202506
040505005407202506
040505005409202506
040505009701202506
040505009707202506
040505009709202506
040505010001202506
040505010007202506
040505010009202506
040505011901202506
040505011907202506
040505011909202506
040505013501202506
040505013507202506
040505013509202506
040505014301202506
040505014307202506
040505014309202506
040505015101202506
040505015107202506
040505015109202506
040505018601202506
040505018607202506
040505018609202506
040505021601202506
040505021607202506
040505021609202506
040505022401202506
040505022407202506
040505022409202506
040505023201202506
040505023207202506
040505023209202506
040505031301202506
040505031307202506
040505031309202506
040505032101202506
040505032107202506
040505032109202506
040505035601202506
040505035607202506
040505035609202506
040505037201202506
040505037207202506
040505037209202506
040505038001202506
040505038007202506
040505038009202506
040505039901202506
040505039907202506
040505039909202506
040505040201202506
040505040209202506
040601001301202506
040601001307202506
040601002101202506
040601003001202506
040601004801202506
040601005601202506
040601006401202506
040601007201202506
040601007207202506
040601008001202506
040601009901202506
040601010201202506
040601010207202506
040601011001202506
040601011007202506
040601013701202506
040601013707202506
040601015301202506
040601015307202506
040601016101202506
040601017001202506
040601017007202506
040601018801202506
040601019601202506
040601019607202506
040601020001202506
040601020007202506
040601021801202506
040601021807202506
040601022601202506
040601022607202506
040601023401202506
040601024201202506
040601025001202506
040601025007202506
040601026901202506
040601026907202506
040601027701202506
040601027707202506
040601028501202506
040601028507202506
040601029301202506
040601030701202506
040601031501202506
040601032301202506
040601033101202506
040601033107202506
040601034001202506
040601035801202506
040601036601202506
040601036607202506
040601037401202506
040601037407202506
040601038201202506
040601039001202506
040601039007202506
040601040401202506
040601041201202506
040601041207202506
040601042001202506
040601042007202506
040601043901202506
040601044701202506
040601044707202506
040601045501202506
040601046301202506
040601046307202506
040601047101202506
040601047107202506
040601048001202506
040601049801202506
040601049807202506
040601050101202506
040601051001202506
040601051007202506
040601052801202506
040601052807202506
040601053601202506
040601054401202506
040601055201202506
040601056001202506
040601056007202506
040601056009202506
040601057901202506
040601058701202506
040601058709202506
040601059501202506
040601060901202506
040601061701202506
040601062501202506
040601063301202506
040601063309202506
040601064101202506
040601064107202506
040601064109202506
040601065001202506
040601065009202506
040601066801202506
040601066807202506
040601066809202506
040601067601202506
040601067607202506
040601067609202506
040601068401202506
040601068407202506
040601068409202506
040601069201202506
040601069207202506
040601070601202506
040601071401202506
040601071407202506
040601071409202506
040601073001202506
040601075701202506
040601075707202506
040601076501202506
040601076507202506
040601077301202506
040601077307202506
040601078101202506
040601078107202506
040601079001202506
040601079009202506
040601080301202506
040601080307202506
040601081101202506
040601082001202506
040601082007202506
040601083801202506
040601084601202506
040601085401202506
040601085409202506
040601086201202506
040601086209202506
040601087001202506
040601087009202506
040601088901202506
040601089701202506
040601090001202506
040601090007202506
040601091901202506
040601091907202506
040601091909202506
040601092701202506
040601093501202506
040601094301202506
040601095101202506
040601096001202506
040601096003202506
040601096007202506
040601097801202506
040601097803202506
040601097807202506
040601098601202506
040601099401202506
040601100101202506
040601100109202506
040601101001202506
040601101009202506
040601102801202506
040601102809202506
040601103601202506
040601103609202506
040601104401202506
040601104407202506
040601104409202506
040601105201202506
040601105209202506
040601107901202506
040601108701202506
040601108709202506
040601109501202506
040601109509202506
040601110901202506
040601110909202506
040601111701202506
040601111709202506
040601112501202506
040601112509202506
040601113301202506
040601113307202506
040601113309202506
040601114101202506
040601114109202506
040601115001202506
040601115007202506
040601115009202506
040601116801202506
040601116809202506
040601117601202506
040601117609202506
040601118401202506
040601118409202506
040601119201202506
040601119209202506
040601120601202506
040601121401202506
040601121407202506
040601122201202506
040601122207202506
040601123001202506
040601124901202506
040601125701202506
040601126501202506
040601126507202506
040601127301202506
040601127307202506
040601128101202506
040601128107202506
040601129001202506
040601129007202506
040601130301202506
040601130307202506
040601131101202506
040601131107202506
040601132001202506
040601132007202506
040601133801202506
040601133807202506
040601134601202506
040601134607202506
040601135401202506
040601135407202506
040601136201202506
040601136207202506
040601137001202506
040601137007202506
040601138901202506
040601138907202506
040601139701202506
040601139707202506
040601140001202506
040601140007202506
040601141901202506
040601141907202506
040601142701202506
040601142707202506
040601143501202506
040601143507202506
040601144301202506
040601144307202506
040601145101202506
040601145107202506
040601146001202506
040601146007202506
040601147801202506
040601147807202506
040601148601202506
040601148607202506
040601149401202506
040601149407202506
040601150801202506
040601150807202506
040601151601202506
040601151607202506
040602001901202506
040602001907202506
040602002701202506
040602002707202506
040602003501202506
040602003507202506
040602004301202506
040602004307202506
040602005101202506
040602005107202506
040602007801202506
040602007807202506
040602007809202506
040602010801202506
040602011601202506
040602011607202506
040602011609202506
040602012401202506
040602012407202506
040602015901202506
040602015907202506
040602015909202506
040602016701202506
040602016707202506
040602016709202506
040602019101202506
040602019107202506
040602021301202506
040602022101202506
040602023001202506
040602024801202506
040602024807202506
040602025601202506
040602025607202506
040602026401202506
040602026407202506
040602027201202506
040602027207202506
040602028001202506
040602028007202506
040602030201202506
040602030207202506
040602031001202506
040602031007202506
040602032901202506
040602032907202506
040602033701202506
040602033707202506
040602034501202506
040602034507202506
040602035301202506
040602035307202506
040602036101202506
040602036107202506
040602037001202506
040602037007202506
040602038801202506
040602038807202506
040602039601202506
040602039607202506
040602040001202506
040602040007202506
040602041801202506
040602041807202506
040602042601202506
040602042607202506
040602043401202506
040602043407202506
040602044201202506
040602044207202506
040602045001202506
040602046901202506
040602046907202506
040602047701202506
040602047707202506
040602048501202506
040602048507202506
040602049301202506
040602049307202506
040602050701202506
040602050707202506
040602051501202506
040602051507202506
040602052301202506
040602053101202506
040602053107202506
040602054001202506
040602054007202506
040602055801202506
040602055807202506
040602056601202506
040602056607202506
040602056609202506
040602057401202506
040602057407202506
040602057409202506
040602058201202506
040602058207202506
040602059001202506
040602059007202506
040602060401202506
040602060407202506
040602060409202506
040602062001202506
040602062003202506
040602062007202506
040602062009202506
040603001401202506
040603002201202506
040603003001202506
040603004901202506
040603005701202506
040603005707202506
040603006501202506
040603007301202506
040603008101202506
040603008107202506
040603009001202506
040603009007202506
040603010301202506
040603010307202506
040603011101202506
040603011107202506
040603012001202506
040603012007202506
040603013801202506
040603013807202506
040603014601202506
040603014607202506
040603015401202506
040603015407202506
040603016201202506
040604001001202506
040604001007202506
040604002801202506
040604002807202506
040604004401202506
040604004407202506
040604005201202506
040604005207202506
040604006001202506
040604006007202506
040604007901202506
040604007907202506
040604008701202506
040604009501202506
040604010901202506
040604010907202506
040604011701202506
040604011707202506
040604012501202506
040604012507202506
040604013301202506
040604014101202506
040604014107202506
040604015001202506
040604016801202506
040604017601202506
040604018401202506
040604019201202506
040604019207202506
040604020601202506
040604020607202506
040604020609202506
040604021401202506
040604021407202506
040604022201202506
040604022207202506
040604023001202506
040604023007202506
040604024901202506
040604024907202506
040604025701202506
040604025707202506
040604025709202506
040604026501202506
040604026507202506
040604027301202506
040604027307202506
040604027309202506
040604028101202506
040604029001202506
040604029007202506
040604029009202506
040604030301202506
040604030307202506
040604030309202506
040604031101202506
040604031107202506
040604031109202506
040604032001202506
040604032007202506
040604033801202506
040604033807202506
040605001501202506
040605001507202506
040605001509202506
040605002301202506
040605002307202506
040605002309202506
040605003101202506
040605003107202506
040605003109202506
040605004001202506
040605004007202506
040605004009202506
040605005801202506
040605005807202506
040605005809202506
040605006601202506
040605006607202506
040605006609202506
040605007401202506
040605007407202506
040605007409202506
040605008201202506
040605008207202506
040605008209202506
040605009001202506
040605009007202506
040605010401202506
040605010407202506
040605011201202506
040605012001202506
040605012007202506
040605012009202506
040605013901202506
040605013907202506
040605013909202506
040701001701202506
040701001707202506
040701003301202506
040701003307202506
040701004101202506
040701005001202506
040701005007202506
040701006801202506
040701006807202506
040701007601202506
040701008401202506
040701008407202506
040701009201202506
040701009207202506
040701010601202506
040701010607202506
040701011401202506
040701011407202506
040701012201202506
040701013001202506
040701014901202506
040701015701202506
040701015707202506
040701016501202506
040701016507202506
040701017301202506
040701018101202506
040701019001202506
040701019007202506
040701020301202506
040701020307202506
040701021101202506
040701021107202506
040701021109202506
040701022001202506
040701022007202506
040701022009202506
040701023801202506
040701023807202506
040701027001202506
040701027007202506
040701028901202506
040701029701202506
040701029707202506
040701030001202506
040701033501202506
040701033507202506
040701034301202506
040701034307202506
040701035101202506
040701035107202506
040701036001202506
040701037801202506
040701038601202506
040702001201202506
040702002001202506
040702003901202506
040702003907202506
040702004701202506
040702004707202506
040702006301202506
040702006307202506
040702007101202506
040702007107202506
040702008001202506
040702008007202506
040702009801202506
040702009807202506
040702010101202506
040702010107202506
040702011001202506
040702011007202506
040702011009202506
040702013601202506
040702013607202506
040702013609202506
040702014401202506
040702014407202506
040702014409202506
040702015201202506
040702015207202506
040702017901202506
040702017907202506
040702018701202506
040702018707202506
040702019501202506
040702019507202506
040702020901202506
040702020907202506
040702021701202506
040702021709202506
040702022501202506
040702022507202506
040702022509202506
040702023301202506
040702023307202506
040702024101202506
040702024107202506
040702025001202506
040702025007202506
040702026801202506
040702026807202506
040702026809202506
040702027601202506
040702027607202506
040702027609202506
040702028401202506
040702028407202506
040702028409202506
040702029201202506
040702029207202506
040702030601202506
040702030607202506
040702032201202506
040702032207202506
040702032209202506
040702033001202506
040702034901202506
040702035701202506
040702036501202506
040702036507202506
040702038101202506
040702038107202506
040702040301202506
040702040307202506
040702041101202506
040702041107202506
040702042001202506
040702042007202506
040702043801202506
040702043807202506
040702044601202506
040702044607202506
040702045401202506
040702045407202506
040702045409202506
040702046201202506
040702046207202506
040702047001202506
040702047007202506
040702047009202506
040703001801202506
040703001807202506
040703002601202506
040703002607202506
040703003401202506
040703003407202506
040703003409202506
040703004201202506
040703004207202506
040703005001202506
040703005007202506
040703006901202506
040703006907202506
040703007701202506
040703007707202506
040703007709202506
040703012301202506
040703012307202506
040703013101202506
040703013107202506
040703014001202506
040703014007202506
040703015801202506
040703015807202506
040703016601202506
040703016607202506
040703017401202506
040703017407202506
040703018201202506
040703018207202506
040703019001202506
040703019007202506
040703020401202506
040703021201202506
040703022001202506
040703024701202506
040703025501202506
040703025507202506
040704001301202506
040704001307202506
040704002101202506
040704002107202506
040704003001202506
040704003007202506
040704004801202506
040704004807202506
040704005601202506
040704005607202506
040704006401202506
040704006407202506
040704006409202506
040704007201202506
040704007207202506
040704007209202506
040704008001202506
040704008007202506
040704008009202506
040704009901202506
040704009907202506
040704009909202506
040704010201202506
040704010207202506
040704010209202506
040704011001202506
040704011007202506
040704011009202506
040704012901202506
040704012907202506
040704012909202506
040704013701202506
040704013707202506
040704013709202506
040704014501202506
040704014507202506
040704014509202506
040704015301202506
040704015307202506
040704015309202506
040704016101202506
040704016107202506
040704017001202506
040704017007202506
040704017009202506
040704018801202506
040704018807202506
040704020001202506
040704020007202506
040704022601202506
040704022607202506
040704022609202506
040704023401202506
040704023407202506
040704024201202506
040704024207202506
040704025001202506
040704025007202506
040704026901202506
040704026907202506
040801001001202506
040801001007202506
040801002901202506
040801002907202506
040801003701202506
040801003707202506
040801004501202506
040801005301202506
040801006101202506
040801007001202506
040801007007202506
040801008801202506
040801008807202506
040801009601202506
040801009607202506
040801009609202506
040801010001202506
040801010007202506
040801010009202506
040801011801202506
040801011807202506
040801011809202506
040801013401202506
040801013407202506
040801013409202506
040801014201202506
040801014207202506
040801014209202506
040801015001202506
040801015007202506
040801015009202506
040801016901202506
040801016907202506
040801017701202506
040801017707202506
040801018501202506
040801018507202506
040801018509202506
040801019301202506
040801019307202506
040801020701202506
040801020707202506
040801020709202506
040801021501202506
040801021509202506
040801022301202506
040801022307202506
040801022309202506
040801023101202506
040801023109202506
040802001601202506
040802001607202506
040802002401202506
040802002407202506
040802003201202506
040802003207202506
040802004001202506
040802005901202506
040802006701202506
040802007501202506
040802008301202506
040802009101202506
040802010501202506
040802010507202506
040802010509202506
040802011301202506
040802011307202506
040802012101202506
040802012107202506
040802012109202506
040802013001202506
040802013007202506
040802014801202506
040802014807202506
040802014809202506
040802015601202506
040802015607202506
040802016401202506
040802016407202506
040802016409202506
040802017201202506
040802017207202506
040802017209202506
040802018001202506
040802018007202506
040802018009202506
040802019901202506
040802019907202506
040802019909202506
040802020201202506
040802020207202506
040802020209202506
040802021001202506
040802021007202506
040802022901202506
040802022907202506
040802022909202506
040802024501202506
040802024507202506
040802024509202506
040802025301202506
040802025307202506
040802026101202506
040802026107202506
040802027001202506
040802027007202506
040802028801202506
040802028807202506
040802029601202506
040802029607202506
040802029609202506
040802030001202506
040802030007202506
040802030009202506
040802031801202506
040802031807202506
040802031809202506
040802032601202506
040802032607202506
040802032609202506
040802033401202506
040802033407202506
040802034201202506
040802034207202506
040802034209202506
040802035001202506
040802035007202506
040802036901202506
040802036907202506
040802037701202506
040802037707202506
040802037709202506
040802038501202506
040802038507202506
040802039301202506
040802039307202506
040802040701202506
040802040707202506
040802041501202506
040802041507202506
040802042301202506
040802042307202506
040802043101202506
040802043107202506
040802044001202506
040802044007202506
040802044009202506
040802045801202506
040802045807202506
040802046601202506
040802046607202506
040802047401202506
040802047407202506
040802047409202506
040802048201202506
040802048207202506
040802048209202506
040802049001202506
040802049007202506
040802049009202506
040802050401202506
040802050407202506
040802050409202506
040802051201202506
040802051207202506
040802051209202506
040802052001202506
040802052007202506
040802052009202506
040802053901202506
040802053907202506
040802053909202506
040802054701202506
040802054707202506
040802055501202506
040802055507202506
040802055509202506
040802056301202506
040802056307202506
040802057101202506
040802057107202506
040802058001202506
040802058007202506
040802059801202506
040802059807202506
040802059809202506
040802060101202506
040802060107202506
040802060109202506
040802061001202506
040802061007202506
040802061009202506
040802062801202506
040802062807202506
040802062809202506
040802063601202506
040802063607202506
040802063609202506
040802064401202506
040802064407202506
040802064409202506
040803001101202506
040803001107202506
040803002001202506
040803002007202506
040803003801202506
040803003807202506
040803004601202506
040803005401202506
040803005407202506
040803006201202506
040803006207202506
040803007001202506
040803007007202506
040803008901202506
040803008907202506
040803009701202506
040803009707202506
040803010001202506
040803010007202506
040803011901202506
040803011907202506
040803012701202506
040803012707202506
040803013501202506
040803014301202506
040803015101202506
040803016001202506
040803017801202506
040803017807202506
040803018601202506
040803019401202506
040803020801202506
040803021601202506
040803022401202506
040803023201202506
040803023207202506
040803024001202506
040803024007202506
040803025901202506
040803025907202506
040803026701202506
040803026707202506
040803027501202506
040803027507202506
040803028301202506
040803028307202506
040803029101202506
040803029107202506
040803030501202506
040803030507202506
040803031301202506
040803031307202506
040803032101202506
040803032107202506
040803033001202506
040803033007202506
040803034801202506
040803034807202506
040803035601202506
040803036401202506
040803036407202506
040803037201202506
040803037207202506
040803038001202506
040803038007202506
040803039901202506
040803039907202506
040803040201202506
040803040207202506
040803041001202506
040803041007202506
040803042901202506
040803042907202506
040803043701202506
040803043707202506
040803044501202506
040803044507202506
040803045301202506
040803045307202506
040803046101202506
040803046107202506
040803047001202506
040803047007202506
040803050001202506
040803050007202506
040803051801202506
040803051807202506
040803052601202506
040803052607202506
040803053401202506
040803053407202506
040803054201202506
040803054207202506
040803055001202506
040803055007202506
040803056901202506
040803056907202506
040803057701202506
040803057707202506
040803058501202506
040803058507202506
040803059301202506
040803059307202506
040803060701202506
040803060707202506
040803061501202506
040803061507202506
040803062301202506
040803062307202506
040803063101202506
040803063107202506
040803064001202506
040803064007202506
040803065801202506
040803065807202506
040803066601202506
040803066607202506
040803067401202506
040803067407202506
040803068201202506
040803068207202506
040803069001202506
040803069007202506
040803070401202506
040803071201202506
040803071207202506
040803072001202506
040803072007202506
040803073901202506
040803073907202506
040803074701202506
040803074707202506
040803075501202506
040803075507202506
040803075509202506
040803076301202506
040803076307202506
040803077101202506
040803077107202506
040803078001202506
040803079801202506
040803080101202506
040803080107202506
040803081001202506
040803081007202506
040803082801202506
040803082807202506
040803083601202506
040803083607202506
040803084401202506
040803084407202506
040803085201202506
040803085207202506
040803086001202506
040803086007202506
040803087901202506
040803087907202506
040803088701202506
040803088707202506
040803089501202506
040803089507202506
040803090901202506
040803090907202506
040803091701202506
040803091707202506
040804001701202506
040804001707202506
040804002501202506
040804002507202506
040804003301202506
040804003307202506
040804004101202506
040804004107202506
040804005001202506
040804006801202506
040804007601202506
040804008401202506
040804009201202506
040804010601202506
040804010607202506
040804011401202506
040804011407202506
040804012201202506
040804012207202506
040804013001202506
040804013007202506
040804014901202506
040804014907202506
040804015701202506
040804015707202506
040804016501202506
040804016507202506
040804017301202506
040804017307202506
040804018101202506
040804018107202506
040804018109202506
040804019001202506
040804019007202506
040804019009202506
040804020301202506
040804020307202506
040804022001202506
040804022007202506
040804023801202506
040804023807202506
040804024601202506
040804024607202506
040804025401202506
040804025407202506
040804026201202506
040804026207202506
040804027001202506
040804027007202506
040804028901202506
040804028907202506
040804029701202506
040804029707202506
040804030001202506
040804030007202506
040804031901202506
040804031907202506
040804032701202506
040804032707202506
040804033501202506
040804033507202506
040804034301202506
040804034307202506
040805001201202506
040805001207202506
040805002001202506
040805002007202506
040805003901202506
040805003907202506
040805004701202506
040805004707202506
040805005501202506
040805006301202506
040805007101202506
040805008001202506
040805008007202506
040805010101202506
040805010107202506
040805011001202506
040805011007202506
040805012801202506
040805012807202506
040805013601202506
040805013607202506
040805014401202506
040805014407202506
040805014409202506
040805015201202506
040805015207202506
040805016001202506
040805016007202506
040805016009202506
040805017901202506
040805017907202506
040805019501202506
040805019507202506
040805019509202506
040805020901202506
040805020907202506
040805020909202506
040805021701202506
040805021707202506
040805021709202506
040805022501202506
040805022507202506
040805022509202506
040805023301202506
040805023307202506
040805024101202506
040805024107202506
040805024109202506
040805025001202506
040805025007202506
040805025009202506
040805026801202506
040805026807202506
040805026809202506
040805027601202506
040805027607202506
040805027609202506
040805028401202506
040805028407202506
040805028409202506
040805029201202506
040805029207202506
040805029209202506
040805030601202506
040805030607202506
040805031401202506
040805031407202506
040805032201202506
040805032207202506
040805032209202506
040805033001202506
040805033007202506
040805034901202506
040805034907202506
040805034909202506
040805035701202506
040805035707202506
040805035709202506
040805036501202506
040805036507202506
040805037301202506
040805037307202506
040805037309202506
040805038101202506
040805038107202506
040805039001202506
040805039007202506
040805039009202506
040805040301202506
040805041101202506
040805041107202506
040805042001202506
040805042007202506
040805043801202506
040805043807202506
040805044601202506
040805044607202506
040805044609202506
040805045401202506
040805045407202506
040805046201202506
040805046207202506
040805047001202506
040805047007202506
040805048901202506
040805048907202506
040805049701202506
040805049707202506
040805050001202506
040805050007202506
040805051901202506
040805051907202506
040805052701202506
040805052707202506
040805053501202506
040805053507202506
040805054301202506
040805054307202506
040805055101202506
040805055107202506
040805056001202506
040805056007202506
040805057801202506
040805057807202506
040805058601202506
040805058607202506
040805059401202506
040805059407202506
040805060801202506
040805060807202506
040805061601202506
040805061607202506
040805062401202506
040805062407202506
040805063201202506
040805063207202506
040805064001202506
040805064007202506
040805064009202506
040805065901202506
040805065907202506
040805065909202506
040805066701202506
040805066709202506
040805067501202506
040805067507202506
040805068301202506
040805068307202506
040805069101202506
040805069107202506
040805069109202506
040805070501202506
040805070507202506
040805071301202506
040805071307202506
040805072101202506
040805072107202506
040805073001202506
040805073007202506
040805073009202506
040805074801202506
040805074807202506
040805074809202506
040805075601202506
040805075607202506
040805075609202506
040805076401202506
040805076407202506
040805076409202506
040805077201202506
040805077207202506
040805078001202506
040805078007202506
040805079901202506
040805079907202506
040805080201202506
040805080207202506
040805081001202506
040805081007202506
040805082901202506
040805082907202506
040805082909202506
040805083701202506
040805083707202506
040805084501202506
040805084507202506
040805085301202506
040805085307202506
040805086101202506
040805086107202506
040805087001202506
040805087007202506
040805088801202506
040805088807202506
040805088809202506
040805089601202506
040805089607202506
040805089609202506
040805090001202506
040805091801202506
040805091807202506
040805091809202506
040805092601202506
040805092607202506
040805092609202506
040806001801202506
040806001807202506
040806001809202506
040806002601202506
040806002607202506
040806003401202506
040806003407202506
040806004201202506
040806004207202506
040806004209202506
040806005001202506
040806005007202506
040806005009202506
040806006901202506
040806006907202506
040806007701202506
040806007707202506
040806008501202506
040806008507202506
040806008509202506
040806009301202506
040806009307202506
040806010701202506
040806010707202506
040806011501202506
040806011507202506
040806011509202506
040806012301202506
040806012307202506
040806012309202506
040806013101202506
040806013107202506
040806013109202506
040806014001202506
040806014007202506
040806014009202506
040806015801202506
040806015807202506
040806015809202506
040806016601202506
040806016607202506
040806017401202506
040806017407202506
040806018201202506
040806018207202506
040806019001202506
040806019007202506
040806020401202506
040806020407202506
040806020409202506
040806021201202506
040806021207202506
040806021209202506
040806023901202506
040806023907202506
040806024701202506
040806024707202506
040806025501202506
040806025507202506
040806026301202506
040806026307202506
040806027101202506
040806027107202506
040806028001202506
040806028007202506
040806029801202506
040806029807202506
040806029809202506
040806030101202506
040806030107202506
040806030109202506
040806031001202506
040806031007202506
040806031009202506
040806032801202506
040806032807202506
040806032809202506
040806033601202506
040806033607202506
040806033609202506
040806034401202506
040806034407202506
040806034409202506
040806035201202506
040806035207202506
040806035209202506
040806036001202506
040806036007202506
040806036009202506
040806037901202506
040806037907202506
040806037909202506
040806038701202506
040806038707202506
040806039501202506
040806039507202506
040806039509202506
040806040901202506
040806040907202506
040806040909202506
040806041701202506
040806041707202506
040806041709202506
040806042501202506
040806042507202506
040806042509202506
040806043301202506
040806043307202506
040806043309202506
040806044101202506
040806044107202506
040806044109202506
040806045001202506
040806045007202506
040806045009202506
040806046801202506
040806046807202506
040806046809202506
040806047601202506
040806047607202506
040806047609202506
040806048401202506
040806048407202506
040806048409202506
040806049201202506
040806049207202506
040806050601202506
040806050607202506
040806051401202506
040806051407202506
040806052201202506
040806052207202506
040806053001202506
040806053007202506
040806053009202506
040806054901202506
040806054907202506
040806054909202506
040806055701202506
040806055707202506
040806056501202506
040806056507202506
040806056509202506
040806057301202506
040806057307202506
040806057309202506
040806058101202506
040806058107202506
040806058109202506
040806059001202506
040806059007202506
040806060301202506
040806060307202506
040806060309202506
040806061101202506
040806062001202506
040806062007202506
040806063801202506
040806063807202506
040806063809202506
040806064601202506
040806064607202506
040806066201202506
040806066207202506
040806067001202506
040806067007202506
040806067009202506
040806069701202506
040806069707202506
040806070001202506
040806070007202506
040806070009202506
040901001401202506
040901001407202506
040901002201202506
040901002207202506
040901003001202506
040901003007202506
040901004901202506
040901004907202506
040901005701202506
040901005707202506
040901006501202506
040901006507202506
040901006509202506
040901007301202506
040901007307202506
040901008101202506
040901008107202506
040901009001202506
040901009007202506
040901009009202506
040901012001202506
040901012007202506
040901012009202506
040901013801202506
040901013807202506
040901014601202506
040901014607202506
040901014609202506
040901017001202506
040901017007202506
040901017009202506
040901018901202506
040901018907202506
040901019701202506
040901019707202506
040901020001202506
040901020007202506
040901021901202506
040901022701202506
040901022707202506
040901023501202506
040901023507202506
040901024301202506
040901024307202506
040901025101202506
040901025107202506
040901026001202506
040901026007202506
040901028601202506
040901028607202506
040901029401202506
040901029407202506
040901030801202506
040901030807202506
040901031601202506
040901031607202506
040901032401202506
040901032407202506
040901033201202506
040901033207202506
040901034001202506
040901034007202506
040901036701202506
040901036707202506
040901037501202506
040901037507202506
040901037509202506
040901038301202506
040901038307202506
040901038309202506
040901039101202506
040901039107202506
040901039109202506
040901040501202506
040901040507202506
040901041301202506
040901041307202506
040901043001202506
040901043007202506
040901043009202506
040901045601202506
040901045607202506
040901046401202506
040901046407202506
040901047201202506
040901047207202506
040901048001202506
040901048007202506
040901048009202506
040901049901202506
040901050201202506
040901050207202506
040901051001202506
040901051007202506
040901051009202506
040901052901202506
040901052907202506
040901053701202506
040901053707202506
040901054501202506
040901054507202506
040901055301202506
040901055307202506
040901056101202506
040901056107202506
040901057001202506
040901057007202506
040901058801202506
040901058807202506
040901059601202506
040901059607202506
040901059609202506
040902001001202506
040902001007202506
040902001009202506
040902002801202506
040902002807202506
040902002809202506
040902004401202506
040902004407202506
040902004409202506
040902005201202506
040902005207202506
040902007901202506
040902007907202506
040902007909202506
040902008701202506
040902008707202506
040902008709202506
040902009501202506
040902009507202506
040902009509202506
040902010901202506
040902010907202506
040902010909202506
040902012501202506
040902012507202506
040902012509202506
040902013301202506
040902013307202506
040902013309202506
040902014101202506
040902014107202506
040902014109202506
040902015001202506
040902015007202506
040902015009202506
040902016801202506
040902016807202506
040902016809202506
040902017601202506
040902017607202506
040902017609202506
040903001501202506
040903001509202506
040903002301202506
040903003101202506
040903004001202506
040904001001202506
040904001007202506
040904001009202506
040904003701202506
040904003707202506
040904003709202506
040904004501202506
040904004507202506
040904005301202506
040904005307202506
040904005309202506
040904007001202506
040904007007202506
040904007009202506
040904008801202506
040904008807202506
040904008809202506
040904009601202506
040904009607202506
040904009609202506
040904011801202506
040904011807202506
040904011809202506
040904012601202506
040904012607202506
040904012609202506
040904013401202506
040904013407202506
040904013409202506
040904014201202506
040904014209202506
040904015001202506
040904015007202506
040904015009202506
040904016901202506
040904016907202506
040904016909202506
040904017701202506
040904017707202506
040904017709202506
040904018501202506
040904018507202506
040904018509202506
040904019301202506
040904019307202506
040904019309202506
040904020701202506
040904020707202506
040904020709202506
040904021501202506
040904021507202506
040904021509202506
040904022301202506
040904022309202506
040904023101202506
040904023107202506
040904023109202506
040904024001202506
040904024009202506
040905001601202506
040905001607202506
040905002401202506
040905002407202506
040905002409202506
040905003201202506
040905003209202506
040905004001202506
040905004007202506
040905004009202506
040905007501202506
040905007507202506
040905007509202506
040905008301202506
040905008307202506
040905008309202506
040905009101202506
040905009107202506
040905009109202506
040905010501202506
040905010507202506
040905010509202506
040905011301202506
040905011307202506
040905011309202506
040905013001202506
040905014801202506
040905016401202506
040906001101202506
040906001102202506
040906001107202506
040906001109202506
040906002001202506
040906003801202506
040906003809202506
040906004601202506
040906004607202506
040906004609202506
040906005401202506
040906005402202506
040906005409202506
040906007001202506
040906007002202506
040906007009202506
040906010001202506
040906010007202506
040906011901202506
040906011907202506
040906012701202506
040906012707202506
040906013501202506
040906013507202506
040906014301202506
040906014307202506
040906015101202506
040906015107202506
040906016001202506
040906016007202506
040906017801202506
040906017807202506
040906017809202506
040906018601202506
040906018609202506
040906019401202506
040906019407202506
040906019409202506
040906020801202506
040906020807202506
040906020809202506
040906021601202506
040906021607202506
040906021609202506
040906022401202506
040906022407202506
040906022409202506
040906023201202506
040906023202202506
040906023207202506
040906023209202506
040906024001202506
040906024002202506
040906024007202506
040906024009202506
040906025901202506
040906025902202506
040906025907202506
040906025909202506
040906026701202506
040906026702202506
040906026707202506
040906026709202506
040906027501202506
040906027507202506
040906027509202506
040906028301202506
040906028307202506
040906029101202506
040906031301202506
040906031302202506
040907001701202506
040907001709202506
040907002501202506
040907002509202506
040907003301202506
040907003309202506
040907004101202506
040907004109202506
040907005001202506
040907006801202506
040907006809202506
040907007601202506
040907007609202506
040907008401202506
040907008409202506
040907009201202506
040907009207202506
040907009209202506
040907010601202506
040907010607202506
040907010609202506
040907011401202506
040907011407202506
040907013001202506
040907013007202506
040907013009202506
040907014901202506
040907014907202506
040907014909202506
040907015701202506
040907015707202506
040907015709202506
040907019001202506
040907019009202506
040907020301202506
040907021101202506
040907021107202506
040907022001202506
040907022007202506
040907022009202506
040907023801202506
040907023807202506
040907024601202506
040907024607202506
040907025401202506
040907025407202506
040907026201202506
040907026207202506
040907026209202506
040907027001202506
040907027009202506
040907028901202506
040907028907202506
040907028909202506
040907029701202506
040907030001202506
040907030009202506
040907031901202506
041001001401202506
041001001407202506
041001001409202506
041001005701202506
041001006501202506
041001006507202506
041001006509202506
041001007301202506
041001007307202506
041001007309202506
041001008101202506
041001008107202506
041001008109202506
041001009001202506
041001009009202506
041001011101202506
041001011107202506
041001011109202506
041001012001202506
041001012007202506
041001013801202506
041001014601202506
041001015401202506
041001016201202506
041001019701202506
041001020001202506
041001021901202506
041101001801202506
041101001802202506
041101001809202506
041101002601202506
041101002602202506
041101003401202506
041101003402202506
041101004201202506
041101004202202506
041101005001202506
041101005002202506
041101005009202506
041101007701202506
041101007702202506
041101007709202506
041101008501202506
041101008502202506
041102001301202506
041102001302202506
041102001309202506
041102002101202506
041102002102202506
041102002109202506
041102003001202506
041102003002202506
041102004801202506
041102004802202506
041201001101202506
041201001107202506
041201002001202506
041201002007202506
041201003801202506
041201003807202506
041201003809202506
041201004601202506
041201004607202506
041201004609202506
041201007001202506
041201007007202506
041201008901202506
041201008907202506
041201009701202506
041201009707202506
041201010001202506
041201010007202506
041201011901202506
041201011907202506
041201013501202506
041201013507202506
041201014301202506
041201014307202506
041202001701202506
041202001707202506
041202002501202506
041202002507202506
041202003301202506
041202003307202506
041202005001202506
041202005007202506
041202006801202506
041202006807202506
041202007601202506
041202007607202506
041202008401202506
041202008407202506
041203001201202506
041203001207202506
041203004701202506
041203004707202506
041203008001202506
041203008007202506
041203009801202506
041203009807202506
041203009809202506
041203010101202506
041203010107202506
041203011001202506
041203011007202506
041204001801202506
041204001807202506
041204001809202506
041204002601202506
041204002607202506
041204003401202506
041204003407202506
041204004201202506
041204004207202506
041204005001202506
041204005007202506
041204006901202506
041204006907202506
041204008501202506
041204008507202506
041204008509202506
041204010701202506
041204010707202506
041204011501202506
041204011507202506
041204012301202506
041204012307202506
041204013101202506
041204013107202506
041204015801202506
041204015807202506
041204016601202506
041204016607202506
041204017401202506
041204017407202506
041204018201202506
041204018207202506
041204019001202506
041204019007202506
041204020401202506
041204020407202506
041204021201202506
041204021207202506
041204022001202506
041204022007202506
041204022009202506
041205001301202506
041205001307202506
041205003001202506
041205003007202506
041205004801202506
041205004807202506
041205006401202506
041205006407202506
041205007201202506
041205007207202506
041205008001202506
041205008007202506
041205010201202506
041205010207202506
041205011001202506
041205011007202506
041205013701202506
041205013707202506
041205014501202506
041205014507202506
041205015301202506
041205015307202506
041205016101202506
041205016107202506
041301001501202506
041301001507202506
041301006601202506
041301008201202506
041301008207202506
041301009001202506
041301009007202506
041303001601202506
041303001607202506
041303001609202506
041303002401202506
041303002407202506
041303002409202506
041303003201202506
041303003209202506
041303005901202506
041303005907202506
041303005909202506
041303006701202506
041303006709202506
041303007501202506
041303007509202506
041303008301202506
041303008307202506
041303008309202506
041304002001202506
041304002007202506
041304003801202506
041304004601202506
041304005401202506
041304005409202506
041304006201202506
041304006209202506
041304007001202506
041304007009202506
041304008901202506
041304008909202506
041304009701202506
041304009707202506
041304010001202506
041304010007202506
041304011901202506
041304011907202506
041304011909202506
041304012701202506
041304012707202506
041304012709202506
041304013501202506
041304013507202506
041304013509202506
041304014301202506
041304014307202506
041304014309202506
041304015101202506
041304015107202506
041304015109202506
041304016001202506
041304016007202506
041304017801202506
041304017807202506
041304018601202506
041304018607202506
041304018609202506
041304019401202506
041304019407202506
041304019409202506
041304020801202506
041304020807202506
041304020809202506
041304021601202506
041304021607202506
041304021609202506
041304022401202506
041304022407202506
041304022409202506
041304023201202506
041304023207202506
041304023209202506
041304024001202506
041304024007202506
041304025901202506
041304025909202506
041304026701202506
041401002701202506
041401003501202506
041401025601202506
041401025607202506
041401025609202506
041401027201202506
041401027207202506
041401027209202506
041401032901202506
041401032907202506
041401032909202506
041401034501202506
041401034507202506
041401034509202506
041402002201202506
041402002203202506
041402002207202506
041402002209202506
041402003001202506
041402003003202506
041402003007202506
041402003009202506
041402004901202506
041402004903202506
041402004907202506
041402004909202506
041402005701202506
041402005703202506
041402005707202506
041402005709202506
041402006501202506
041402006503202506
041402006507202506
041402006509202506
041402007301202506
041402007303202506
041402007307202506
041402007309202506
041402008101202506
041402008103202506
041402008107202506
041402008109202506
041402009001202506
041402009003202506
041402009007202506
041402009009202506
041402014601202506
041402014603202506
041402014607202506
041402014609202506
041402015401202506
041402015403202506
041402015407202506
041402015409202506
041402016201202506
041402016203202506
041402016207202506
041402016209202506
041402020001202506
041402020003202506
041402020007202506
041402020009202506
041402021901202506
041402021903202506
041402021907202506
041402021909202506
041402024301202506
041402024303202506
041402024307202506
041402024309202506
041402027801202506
041402027803202506
041402027807202506
041402027809202506
041402029401202506
041402029403202506
041402029407202506
041402029409202506
041402036701202506
041402036703202506
041402036707202506
041402036709202506
041402037501202506
041402037503202506
041402037507202506
041402037509202506
041402041301202506
041402041303202506
041402041307202506
041402041309202506
041501001201202506
041501001207202506
041502001801202506
041502003401202506
041502003407202506
041502004201202506
041502004207202506
041502005001202506
041502005007202506
041502006901202506
041502006907202506
041502007701202506
041502007707202506
041502008501202506
041503001301202506
041503001307202506
041504002701202506
041504002707202506
041504003501202506
041504003507202506
041601001601202506
041601001607202506
041601002401202506
041601002407202506
041601004001202506
041601004007202506
041601007501202506
041601007507202506
041601009101202506
041601009107202506
041601011301202506
041601011307202506
041601011309202506
041601012101202506
041601013001202506
041601016401202506
041601016407202506
041601017201202506
041601017207202506
041601017209202506
041601018001202506
041601018007202506
041601019901202506
041601019907202506
041601020201202506
041601020207202506
041601021001202506
041601021007202506
041601022901202506
041601022907202506
041602002001202506
041602002007202506
041602015101202506
041602015107202506
041602016001202506
041602016007202506
041602017801202506
041602017807202506
041602017809202506
041602018601202506
041602018607202506
041602018609202506
041602019401202506
041602019407202506
041602020801202506
041602020807202506
041602021601202506
041602021607202506
041602021609202506
041602022401202506
041602022407202506
041602023201202506
041602023207202506
041602024001202506
041602024007202506
041602024009202506
041602025901202506
041602025907202506
041603002501202506
041603002507202506
041603002509202506
041603003301202506
041603003307202506
041603003309202506
041603004101202506
041603004107202506
041603004109202506
041603006801202506
041603006807202506
041603007601202506
041603008401202506
041603008407202506
041603009201202506
041603009207202506
041603014901202506
041603014907202506
041603014909202506
041603015701202506
041603015707202506
041603015709202506
041603016501202506
041603016507202506
041603017301202506
041603017307202506
041603018101202506
041603018107202506
041603019001202506
041603020301202506
041603020307202506
041603021101202506
041603021107202506
041603022001202506
041603022007202506
041603023801202506
041603023807202506
041603024601202506
041603024607202506
041603025401202506
041603026201202506
041603027001202506
041603027007202506
041603028901202506
041603029701202506
041603030001202506
041603030007202506
041603031901202506
041603031907202506
041603032701202506
041603032707202506
041603032709202506
041603033501202506
041603033507202506
041603033509202506
041603034301202506
041603034307202506
041603035101202506
041603035107202506
041603035109202506
041603036001202506
041603036007202506
041604001201202506
041604001207202506
041604002001202506
041604002007202506
041604003901202506
041604003907202506
041604004701202506
041604004707202506
041604005501202506
041604005507202506
041604007101202506
041604007107202506
041604010101202506
041604010107202506
041604011001202506
041604011007202506
041604012801202506
041604012807202506
041604014401202506
041604014407202506
041604017901202506
041604017909202506
041604018701202506
041604018709202506
041604019501202506
041604019509202506
041604020901202506
041604020907202506
041604021701202506
041604021707202506
041604022501202506
041604022507202506
041604023301202506
041604023307202506
041604024101202506
041604024107202506
041604025001202506
041604025007202506
041604026801202506
041604026807202506
041604027601202506
041604027607202506
041604028401202506
041604029201202506
041604030601202506
041604031401202506
041604031407202506
041604032201202506
041604032207202506
041604033001202506
041604033007202506
041604034901202506
041604034907202506
041605001801202506
041605001807202506
041605002601202506
041605002607202506
041605003401202506
041605003407202506
041605005001202506
041605005007202506
041605007701202506
041605007707202506
041605009301202506
041605009307202506
041605010701202506
041605010707202506
041605011501202506
041605011507202506
041605012301202506
041605012307202506
041606001301202506
041606001307202506
041606001309202506
041606002101202506
041606002107202506
041606003001202506
041606003007202506
041606005601202506
041606005607202506
041606006401202506
041606006407202506
041606008001202506
041606008007202506
041606009901202506
041606009907202506
041606010201202506
041606010207202506
041606011001202506
041606011007202506
041606012901202506
041606012907202506
041606013701202506
041606013707202506
041608001401202506
041608001407202506
041608001409202506
041608003001202506
041608003007202506
041608003009202506
041608008101202506
041608008107202506
041608009001202506
041608009007202506
041608011101202506
041608011107202506
041608012001202506
041608012007202506
041608012009202506
041609001001202506
041609001007202506
041609002801202506
041609002807202506
041609003601202506
041609003607202506
041609007901202506
041609007907202506
041609010901202506
041609010907202506
041609011701202506
041609011707202506
041609012501202506
041609012507202506
041609013301202506
041609013307202506
041611001001202506
041611001007202506
041611002901202506
041611002907202506
041611003701202506
041611003707202506
041611004501202506
041611004507202506
041611005301202506
041611005307202506
041611006101202506
041611006107202506
041611007001202506
041611007007202506
041611008801202506
041611008807202506
041612002401202506
041612003201202506
041612004001202506
041612004009202506
041612005901202506
041612005909202506
050103006901202506
050103006903202506
050103006907202506
050201001074202506
050201001075202506
050201001076202506
050201001077202506
050201001078202506
050201001079202506
050201002977202506
050201002978202506
050201002979202506
050201002980202506
050201002981202506
050201002982202506
050301001401202506
050301001403202506
050301001474202506
050301001475202506
050301001476202506
050301001477202506
050301001478202506
050301001479202506
050301001480202506
050301001481202506
050301001482202506
050301002201202506
050301002274202506
050301002275202506
050301002276202506
050301002277202506
050301002278202506
050301002279202506
050301002280202506
050301002281202506
050301002282202506
050302001001202506
050302002801202506
050303001574202506
050303001575202506
050303001576202506
050303001577202506
050303001578202506
050303001579202506
050303001580202506
050303001581202506
050303001582202506
050303002301202506
050303002374202506
050303002375202506
050303002376202506
050303002377202506
050303002378202506
050303002379202506
050303002380202506
050303002381202506
050303002382202506
050303003101202506
050303003174202506
050303003175202506
050303003176202506
050303003177202506
050303003178202506
050303003179202506
050303003180202506
050303003181202506
050303003182202506
050303004001202506
050303004074202506
050303004075202506
050303004076202506
050303004077202506
050303004078202506
050303004080202506
050303004081202506
050303004082202506
050303005801202506
050303005874202506
050303005875202506
050303005876202506
050303005877202506
050303005878202506
050303005879202506
050303005880202506
050303005881202506
050303005882202506
050303006601202506
050303006674202506
050303006675202506
050303006676202506
050303006677202506
050303006678202506
050303006679202506
050303006680202506
050303006681202506
050303006682202506
050303007401202506
050303007474202506
050303007475202506
050303007476202506
050303007477202506
050303007478202506
050303007479202506
050303007480202506
050303007481202506
050303007482202506
050303008201202506
050303008274202506
050303008275202506
050303008276202506
050303008277202506
050303008278202506
050303008279202506
050303008280202506
050303008281202506
050303008282202506
050303009001202506
050303009074202506
050303009075202506
050303009076202506
050303009077202506
050303009078202506
050303009079202506
050303009080202506
050303009081202506
050303009082202506
050303010401202506
050303010474202506
050303010475202506
050303010476202506
050303010477202506
050303010478202506
050303010479202506
050303010480202506
050303010481202506
050303010482202506
050304004574202506
050304004575202506
050304004576202506
050304004577202506
050304004578202506
050304004579202506
050304004580202506
050304004581202506
050304004582202506
050501001103202506
050501001107202506
050501002003202506
050501002007202506
050501003803202506
050501003807202506
050501004603202506
050501004607202506
050501005403202506
050501005407202506
050501006203202506
050501006207202506
050501007003202506
050501007007202506
050501008903202506
050501008907202506
050501009701202506
050501009707202506
050501009709202506
050501012701202506
050501012707202506
050501012709202506
050501013501202506
050501013507202506
050501013509202506
050502004101202506
050502004107202506
050502005001202506
050502005007202506
050502006801202506
050502007601202506
050502008401202506
050502009201202506
050502010601202506
050502012201202506
050502014901202506
050602001012202506
050602002912202506
050602003712202506
050602004503202506
050602004507202506
050602004509202506
050602004512202506
050602005301202506
050602005303202506
050602005307202506
050602006101202506
050602006103202506
050602006107202506
050602007001202506
050602007003202506
050602007007202506
050602009601202506
050602009603202506
050602009607202506
050602010001202506
050602010003202506
050602010007202506
050602011801202506
050602011803202506
050602011807202506
050602013401202506
050602013403202506
050602013407202506
070209005001202506
070209005007202506
070209006901202506
070209006907202506
080201006765202506
080201007579202506
080201008375202506
080201009176202506
080201010574202506
080201011383202506
080201012181202506
080201013082202506
080201014877202506
080201015678202506
080201016480202506
080201021085202506
080201022986202506
080201023792202506
080201024593202506
080201025387202506
080201026187202506
080201027087202506
080201032696202506
